// -----------------------------------------------------------------------------
// |#| TEAM: GxGaming | Meliodas - Supremo
// |#| https://gxgaming.com.br/   |   (c) 2010 - 2026 GxGaming Development
// -----------------------------------------------------------------------------
//  DYNAMIC EFFECT - anexa efeitos a QUALQUER item (nao so asas).
//
//  Formato (10 colunas, estilo S4/TAI). O ItemIndex pode ser "12,060" (virgula)
//  ou "12 60" (espaco) - o parser trata os dois igual.
// ----------------------------------------------------------------------------------------------------
//  EffectType: 0 = Static (Sprite) | 1 = Dynamic (Particula) | 2 = Skill (Efeito)
// ----------------------------------------------------------------------------------------------------
//  [Type,Index]  [0~2]        [Index]       [Bone]         [SubType]     [0~255] [0~255] [0~255]  [0.00]
//  ItemIndex     EffectType   EffectIndex   EffectValue    EffectLevel   ColorR  ColorG  ColorB   Scale
// ----------------------------------------------------------------------------------------------------
//  Effect Index: FLARE01=1957  FLARE=2056  SHINY01=2037  SHINY02=2038  SHINY03=2039
//                FIRE01=2002  FIRE02=2003  FIRE03=2004  CHROME01=1977  LIGHTNING2=1998
//                WATERFALL1..5=2301..2305  ENERGY01=2237  ENERGY02=2238  THUNDER01=1987
// ----------------------------------------------------------------------------------------------------


// 50 --> Avatar Wings BM
12 50    0   1957    6     0   244 79  89    1.0
12 50    0   1957    7     0   244 79  89    1.0
12 50    0   1957    8     0   244 79  89    1.0
12 50    0   1957    9     0   244 79  89    1.0
12 50    0   1957    16    0   244 79  89    1.0
12 50    0   1957    17    0   244 79  89    1.0
12 50    0   1957    21    0   244 79  89    1.0
12 50    0   1957    22    0   244 79  89    1.0
12 50    0   1957    23    0   244 79  89    1.0
12 50    0   1957    24    0   244 79  89    1.0
12 50    0   1957    25    0   244 79  89    1.0
12 50    0   1957    29    0   244 79  89    1.0
12 50    0   1957    30    0   244 79  89    1.0
12 50    0   1957    31    0   244 79  89    1.0
12 50    0   1957    32    0   244 79  89    1.0
12 50    0   1957    33    0   244 79  89    1.0
12 50    0   1957    34    0   244 79  89    1.0
12 50    0   1957    35    0   244 79  89    1.0
12 50    0   1957    36    0   244 79  89    1.0
12 50    0   1957    37    0   244 79  89    1.0
12 50    0   1957    38    0   244 79  89    1.0
12 50    0   1957    44    0   244 79  89    1.0
12 50    0   1957    45    0   244 79  89    1.0
12 50    0   1957    46    0   244 79  89    1.0
12 50    0   1957    47    0   244 79  89    1.0
12 50    0   1957    52    0   244 79  89    1.0
12 50    0   1957    53    0   244 79  89    1.0
12 50    0   1957    54    0   244 79  89    1.0
12 50    0   1957    55    0   244 79  89    1.0
12 50    0   1957    56    0   244 79  89    1.0
12 50    0   1957    59    0   244 79  89    1.0
12 50    0   1957    60    0   244 79  89    1.0
12 50    0   1957    61    0   244 79  89    1.0
12 50    0   1957    62    0   244 79  89    1.0
12 50    0   1957    65    0   244 79  89    1.0
12 50    0   1957    66    0   244 79  89    1.0
12 50    0   1957    67    0   244 79  89    1.0
12 50    0   1957    68    0   244 79  89    1.0
12 50    0   1957    76    0   244 79  89    1.0
12 50    0   1957    77    0   244 79  89    1.0
12 50    0   1957    78    0   244 79  89    1.0
12 50    0   1957    79    0   244 79  89    1.0
12 50    0   1957    86    0   244 79  89    1.0
12 50    0   1957    87    0   244 79  89    1.0
12 50    0   1957    91    0   244 79  89    1.0
12 50    0   1957    92    0   244 79  89    1.0
12 50    0   1957    93    0   244 79  89    1.0
12 50    0   1957    94    0   244 79  89    1.0
12 50    0   1957    95    0   244 79  89    1.0
12 50    0   1957    99    0   244 79  89    1.0
12 50    0   1957    100   0   244 79  89    1.0
12 50    0   1957    101   0   244 79  89    1.0
12 50    0   1957    102   0   244 79  89    1.0
12 50    0   1957    103   0   244 79  89    1.0
12 50    0   1957    104   0   244 79  89    1.0
12 50    0   1957    105   0   244 79  89    1.0
12 50    0   1957    106   0   244 79  89    1.0
12 50    0   1957    107   0   244 79  89    1.0
12 50    0   1957    108   0   244 79  89    1.0
12 50    0   1957    114   0   244 79  89    1.0
12 50    0   1957    115   0   244 79  89    1.0
12 50    0   1957    116   0   244 79  89    1.0
12 50    0   1957    117   0   244 79  89    1.0
12 50    0   1957    118   0   244 79  89    1.0
12 50    0   1957    122   0   244 79  89    1.0
12 50    0   1957    123   0   244 79  89    1.0
12 50    0   1957    124   0   244 79  89    1.0
12 50    0   1957    125   0   244 79  89    1.0
12 50    0   1957    129   0   244 79  89    1.0
12 50    0   1957    130   0   244 79  89    1.0
12 50    0   1957    131   0   244 79  89    1.0
12 50    0   1957    132   0   244 79  89    1.0
12 50    0   1957    135   0   244 79  89    1.0
12 50    0   1957    136   0   244 79  89    1.0
12 50    0   1957    137   0   244 79  89    1.0
12 50    0   1957    138   0   244 79  89    1.0

// 51 --> Heavenly Wings SM
12 51    0   1957    13    0   255 242 124   1.5
12 51    0   1957    14    0   255 242 124   1.5
12 51    0   1957    16    0   255 242 124   1.5
12 51    0   1957    23    0   255 242 124   1.5
12 51    0   1957    33    0   255 242 124   1.5
12 51    0   1957    38    0   255 242 124   1.5
12 51    0   1957    39    0   255 242 124   1.5
12 51    0   1957    15    0   255 255 255   1.5
12 51    0   1957    21    0   255 255 255   1.5
12 51    0   1957    22    0   255 255 255   1.5
12 51    0   1957    6     0   255 255 255   1.5
12 51    0   1957    9     0   255 255 255   1.5
12 51    0   1957    29    0   255 255 255   1.5
12 51    0   1957    32    0   255 255 255   1.5
12 51    0   1957    34    0   255 255 255   1.5
12 51    0   1957    44    0   255 255 255   1.5
12 51    0   1957    45    0   255 255 255   1.5

// 52 --> Orb Wings ELF
12 52    0   1957    9     0   255 242 124   1.0
12 52    0   1957    23    0   255 242 124   1.0
12 52    0   1957    65    0   255 242 124   1.0
12 52    0   1957    93    0   255 242 124   1.0
12 52    0   1957    38    0   181 155 255   1.0
12 52    0   1957    80    0   181 155 255   1.0
12 52    0   1957    7     0   181 155 255   1.0
12 52    0   1957    24    0   181 155 255   1.0
12 52    0   1957    63    0   181 155 255   1.0
12 52    0   1957    93    0   181 155 255   1.0

// 53 --> Fall Wings MG
12 53    0   1957    72    0   216 209 255   1.0
12 53    0   1957    79    0   216 209 255   1.0
12 53    0   1957    9     0   216 209 255   1.0
12 53    0   1957    17    0   216 209 255   1.0
12 53    0   1957    25    0   216 209 255   1.0
12 53    0   1957    33    0   216 209 255   1.0
12 53    0   1957    41    0   216 209 255   1.0
12 53    0   1957    49    0   216 209 255   1.0
12 53    0   1957    57    0   216 209 255   1.0
12 53    0   1957    65    0   216 209 255   1.0

// 54 --> Control Cloak DL
12 54    0   1957    25    0   216 209 255   0.5
12 54    0   1957    26    0   216 209 255   0.5
12 54    0   1957    27    0   216 209 255   0.5
12 54    0   1957    28    0   216 209 255   0.5
12 54    0   1957    29    0   216 209 255   0.5
12 54    0   1957    30    0   216 209 255   0.5
12 54    0   1957    31    0   216 209 255   0.5
12 54    0   1957    32    0   216 209 255   0.5
12 54    0   1957    33    0   255 242 124   1.0
12 54    0   1957    34    0   255 242 124   1.0
12 54    0   1957    35    0   255 242 124   1.0
12 54    0   1957    35    0   216 209 255   0.5

//--------------------------------------------------------------------------------------
// 60 --> Wings of Conqueror  (shiny 2038 + flare 1957 estaticos + fire 2002 dinamico)
//--------------------------------------------------------------------------------------
12 60   0   1957    7     0   255 215 000   0.8
12 60   0   1957    15    0   255 215 000   0.8
12 60   0   1957    23    0   255 215 000   0.8
12 60   0   1957    24    0   255 215 000   0.8
12 60   0   1957    30    0   255 215 000   0.8
12 60   0   1957    38    0   255 215 000   0.8
12 60   0   1957    46    0   255 215 000   0.8
12 60   0   1957    47    0   255 215 000   0.8
12 60   0   1957    58    0   255 215 000   0.8
12 60   0   1957    51    0   255 215 000   0.8
12 60   0   1957    28    0   220 059 000   0.8
12 60   0   1957    37    0   220 059 000   0.8
12 60   0   1957    42    0   220 059 000   0.8
12 60   0   1957    05    0   220 059 000   0.8
12 60   0   1957    14    0   220 059 000   0.8
12 60   0   1957    19    0   220 059 000   0.8
12 60   0   1957    57    0   220 059 000   0.8
12 60   0   1957    60    0   220 059 000   0.8
12 60   0   1957    61    0   220 059 000   0.8
12 60   0   1957    50    0   220 059 000   0.8
12 60   0   1957    53    0   220 059 000   0.8
12 60   0   1957    54    0   220 059 000   0.8


//--------------------------------------------------------------------------------------
//--------------------------------------------------------------------------------------






// 60 --> fogo sutil (particula 2002)
12 60   1   2002   7     0   60  25  0   0.02
12 60   1   2002   15    0   60  25  0   0.02
12 60   1   2002   23    0   60  25  0   0.02
12 60   1   2002   24    0   60  25  0   0.02
12 60   1   2002   30    0   60  25  0   0.02
12 60   1   2002   38    0   60  25  0   0.02
12 60   1   2002   46    0   60  25  0   0.02
12 60   1   2002   47    0   60  25  0   0.02
12 60   1   2002   58    0   60  25  0   0.02
12 60   1   2002   51    0   60  25  0   0.02
12 60   1   2002   28    0   80  0   0   0.02
12 60   1   2002   37    0   80  0   0   0.02
12 60   1   2002   42    0   80  0   0   0.02
12 60   1   2002   5     0   80  0   0   0.02
12 60   1   2002   14    0   80  0   0   0.02
12 60   1   2002   19    0   80  0   0   0.02
12 60   1   2002   57    0   80  0   0   0.02
12 60   1   2002   60    0   80  0   0   0.02
12 60   1   2002   61    0   80  0   0   0.02
12 60   1   2002   50    0   80  0   0   0.02
12 60   1   2002   53    0   80  0   0   0.02
12 60   1   2002   54    0   80  0   0   0.02

//--------------------------------------------------------------------------------------
// 59 --> Wings Devil & Angel  (static flare 1957 + dynamic fire 2002)
//--------------------------------------------------------------------------------------
// static (sprite 1957 = era 32002)
12 59   0   1957   3     0   135 92  255   1.0
12 59   0   1957   13    0   135 92  255   1.0
12 59   0   1957   15    0   135 92  255   1.0
12 59   0   1957   25    0   135 92  255   1.0
12 59   0   1957   27    0   135 92  255   1.0
12 59   0   1957   39    0   143 115 255   2.0
12 59   0   1957   43    0   143 115 255   2.0
12 59   0   1957   44    0   143 115 255   2.0
12 59   0   1957   45    0   143 115 255   2.0
12 59   0   1957   46    0   143 115 255   2.0
12 59   0   1957   40    0   255 201 153   2.0
12 59   0   1957   41    0   255 201 153   1.5
12 59   0   1957   42    0   255 201 153   0.8
12 59   0   1957   59    0   255 201 153   2.0
12 59   0   1957   61    0   255 201 153   1.5
12 59   0   1957   61    0   255 201 153   0.8
12 59   0   1957   58    0   143 115 255   2.0
12 59   0   1957   62    0   143 115 255   2.0
12 59   0   1957   63    0   143 115 255   2.0
12 59   0   1957   64    0   143 115 255   2.0
12 59   0   1957   65    0   143 115 255   2.0
// dynamic (particle 2002 = era 32355/32373, scale pequeno)
12 59   1   2002   36    0   255 255 255   0.05
12 59   1   2002   55    0   255 255 255   0.05
12 59   1   2002   14    0   135 92  255   0.05
12 59   1   2002   26    0   135 92  255   0.05


//--------------------------------------------------------------------------------------
// arma: Divine Sword of Archangel (tipo 0, idx 19) -- flare dourado na lamina
//--------------------------------------------------------------------------------------
0 19   0   1957   0    0   255 215 120   0.4
0 19   0   1957   1    0   255 215 120   0.4
0 19   0   1957   2    0   255 215 120   0.4
0 19   0   1957   3    0   255 215 120   0.4
0 19   0   1957   4    0   255 215 120   0.4
0 19   0   1957   5    0   255 215 120   0.4
0 19   0   1957   6    0   255 215 120   0.4
0 19   0   1957   7    0   255 215 120   0.4
0 19   0   1957   11   0   255 215 120   0.4
0 19   0   1957   12   0   255 215 120   0.4
0 19   0   1957   13   0   255 215 120   0.4

end
