// -----------------------------------------------------------------------------
// |#| TEAM: GxGaming | Meliodas - Supremo                 
// |#| Email:contato@gxgaming.com.br                  
// |#| https://gxgaming.com.br/              
// |#| https://discord.com/invite/53v77eZ8YD 
// |#| https://www.youtube.com/@gxgaming-d3q        
// -----------------------------------------------------------------------------
// # © 2010 - 2026 GxGaming Development
// # This file is part of the GxGaming MuOnline Server files.
// -----------------------------------------------------------------------------

0
//----------------------------------------------------------------------------------------------------------------------
//	Event Start Schedules
//----------------------------------------------------------------------------------------------------------------------
// [0]: Event Name
// [1]: Tempo De Anuncio De Inicio Do Evento (Minutos)
// [2]: Tempo Total Do Evento (Minutos)
// [3]: Tempo De Anuncio De Término Do Evento (Minutos)
// [4]: Account Level Require
// [5]: Tipo de Moeda Cobrada [0: Zen | 1 coin1 | 2: Coin2 | 3: Coin3]
// [6]: Valor cobrado por item
//----------------------------------------------------------------------------------------------------------------------
// [0]			       [1]	   [2]		[3]		[4]		[5]		[6]
//----------------------------------------------------------------------------------------------------------------------
	"Moss Merchant"		1		5		 1		 0		 1		 100
end

1
//----------------------------------------------------------------------------------------------------------------------
//	Schedules Manager
//----------------------------------------------------------------------------------------------------------------------
// [0]: Dia Da Semana	
// [1]: Hora	
// [2]: Minuto	
// [3]: Segundo	
//----------------------------------------------------------------------------------------------------------------------
// [0]	   [1]	   [2]	   [3]
//----------------------------------------------------------------------------------------------------------------------
	-1		17		59		0
	-1		04		50		0

end

2
//----------------------------------------------------------------------------------------------------------------------
//	Spawn Modules
//----------------------------------------------------------------------------------------------------------------------
// [0]: Index Do Mapa
// [1]: Cordenada X
// [2]: Cordenada Y
// [3]: Direção
// OBS: Maximo De Spawn é 5 Se Colocar mais que Isso Da Crash
//----------------------------------------------------------------------------------------------------------------------
// [0]		[1]		[2]		[3]
//----------------------------------------------------------------------------------------------------------------------
	3		173		112		 2
//	0		122		127		 3
end

3
//-------------------------------------------------------------------------------------------------------------------------------------------------------------------
//SectionType: 0:Swords | 1:Axes | 2:Mace/Scepters | 3:Spears/Lances | 4:Bows/CroosBows | 5:Staffs | 6:Shields 
//SectionType: 7:Armaduras Dark Wizard | 8:Armaduras Dark Knight | 9:Armaduras Fairy Elf | 10:Armaduras Magic Gladiator | 11:Armaduras Dark Lord | 12:Armaduras Misc
//-------------------------------------------------------------------------------------------------------------------------------------------------------------------

0
//----------------------------------------------------------------------------------------------------------------------
// [0]	  [0~512]  [0~15]	[0~15]	[0~10000] [0~10000]  [0~10000] [0~7]  [0~10000]	 [0~6]	[0~10000] [0~1000]
// Type   Index    MinLvL   MaxLvL    Skill     Luck      RateJol  AddJol  RateExc   AddExc  RateAnc  GlamberRate
//----------------------------------------------------------------------------------------------------------------------
	0	   0	   0	    6	      2500	   2500	       2500	     3	    9000	   4	  250	   250	      // Short Sword
	0	   1	   0	    6	      2500	   2500	       2500	     3	    9000	   4	  250	   250	      // Kris
	0	   2	   0	    6	      2500	   2500	       2500	     3	    9000	   4	  250	   250	      // Rapier
	0	   4	   0	    6	      2500	   2500	       2500	     3	    9000	   4	  250	   250	      // Sword Of Assassin
	0	   3	   0	    6	      2500	   2500	       2500	     3	    9000	   4	  250	   250	      // Katana
	0	   6	   0	    6	      2500	   2500	       2500	     3	    9000	   4	  250	   250	      // Gladius
	0	   7	   0	    6	      2500	   2500	       2500	     3	    9000	   4	  250	   250	      // Falchion
	0	   8	   0	    6	      2500	   2500	       2500	     3	    9000	   4	  250	   250	      // Serpant Sword
	0	   9	   0	    6	      2500	   2500	       2500	     3	    9000	   4	  250	   250	      // Sword of Salamander
	0	   5	   0	    6	      2500	   2500	       2500	     3	    9000	   4	  250	   250	      // Blade
	0	   10	   0	    6	      2500	   2500	       2500	     3	    9000	   4	  250	   250	      // Light Saber
	0	   11	   0	    6	      2500	   2500	       2500	     3	    9000	   4	  250	   250	      // Legendary Sword
	0	   13	   0	    6	      2500	   2500	       2500	     3	    9000	   4	  250	   250	      // Double Blade
	0	   15	   0	    6	      2500	   2500	       2500	     3	    9000	   4	  250	   250	      // Giant Sword
	0	   12	   0	    6	      2500	   2500	       2500	     3	    9000	   4	  250	   250	      // Heliacal Sword
	0	   14	   0	    6	      2500	   2500	       2500	     3	    9000	   4	  250	   250	      // Lightning Sword
	2	   5	   0	    6	      2500	   2500	       2500	     3	    9000	   4	  250	   250	      // Crystal Sword
	0	   16	   0	    6	      2500	   2500	       2500	     3	    9000	   4	  250	   250	      // Sword of Destruction
	0	   17	   0	    6	      2500	   2500	       2500	     3	    9000	   4	  250	   250	      // Dark Breaker
	0	   18	   0	    6	      2500	   2500	       2500	     3	    9000	   4	  250	   250	      // Thunder Blade
	0	   19	   0	    6	      2500	   2500	       2500	     3	    9000	   4	  250	   250	      // Divine Sword of Archangel
	0	   20	   0	    6	      2500	   2500	       2500	     3	    9000	   4	  250	   250	      // Knight Blade
	0	   21	   0	    6	      2500	   2500	       2500	     3	    9000	   4	  250	   250	      // Dark Reign Blade
	0	   22	   0	    6	      2500	   2500	       2500	     3	    9000	   4	  250	   250	      // Bone Blade
	0	   23	   0	    6	      2500	   2500	       2500	     3	    9000	   4	  250	   250	      // Explosion Blade
	0	   24	   0	    6	      2500	   2500	       2500	     3	    9000	   4	  250	   250	      // DayBreak
	0	   25	   0	    6	      2500	   2500	       2500	     3	    9000	   4	  250	   250	      // Sword Dancer
	0	   31	   0	    6	      2500	   2500	       2500	     3	    9000	   4	  250	   250	      // Rune Blade
end

1
//----------------------------------------------------------------------------------------------------------------------
// [0]	  [0~512]  [0~15]	[0~15]	[0~10000] [0~10000]  [0~10000] [0~7]  [0~10000]	 [0~6]	[0~10000] [0~1000]
// Type   Index    MinLvL   MaxLvL    Skill     Luck      RateJol  AddJol  RateExc   AddExc  RateAnc  GlamberRate
//----------------------------------------------------------------------------------------------------------------------
	1	   0	    0	    6	      2500	   2500	       2500	     3	    9000	   4	  250	   250	     	// Small Axe
	1	   1	    0	    6	      2500	   2500	       2500	     3	    9000	   4	  250	   250	     	// Hand Axe
	1	   2	    0	    6	      2500	   2500	       2500	     3	    9000	   4	  250	   250	     	// Double Axe
	1	   3	    0	    6	      2500	   2500	       2500	     3	    9000	   4	  250	   250	     	// Tomahawk
	1	   4	    0	    6	      2500	   2500	       2500	     3	    9000	   4	  250	   250	     	// Fairy Axe
	1	   5	    0	    6	      2500	   2500	       2500	     3	    9000	   4	  250	   250	     	// Battle Axe
	1	   6	    0	    6	      2500	   2500	       2500	     3	    9000	   4	  250	   250	     	// Nikkea Axe
	1	   7	    0	    6	      2500	   2500	       2500	     3	    9000	   4	  250	   250	     	// Larkan Axe
	1	   8	    0	    6	      2500	   2500	       2500	     3	    9000	   4	  250	   250	     	// Crescent Axe
	2	   6	    0	    6	      2500	   2500	       2500	     3	    9000	   4	  250	   250	     	// Chaos Dragon Axe
end

2
//----------------------------------------------------------------------------------------------------------------------
// [0]	  [0~512]  [0~15]	[0~15]	[0~10000] [0~10000]  [0~10000] [0~7]  [0~10000]	 [0~6]	[0~10000] [0~1000]
// Type   Index    MinLvL   MaxLvL    Skill     Luck      RateJol  AddJol  RateExc   AddExc  RateAnc  GlamberRate
//----------------------------------------------------------------------------------------------------------------------
	2	   0	    0	    6	      2500	   2500	       2500	     3	    9000	   4	  250	   250	     	// Mace
	2	   1	    0	    6	      2500	   2500	       2500	     3	    9000	   4	  250	   250	     	// Morning Star
	2	   2	    0	    6	      2500	   2500	       2500	     3	    9000	   4	  250	   250	     	// Flail
	2	   3	    0	    6	      2500	   2500	       2500	     3	    9000	   4	  250	   250	     	// Great Warhammer
	2	   4	    0	    6	      2500	   2500	       2500	     3	    9000	   4	  250	   250	     	// Crystal Morning Star
	2	   7	    0	    6	      2500	   2500	       2500	     3	    9000	   4	  250	   250	     	// Elemental Mace
	2	   8	    0	    6	      2500	   2500	       2500	     3	    9000	   4	  250	   250	     	// Battle Scepter
	2	   9	    0	    6	      2500	   2500	       2500	     3	    9000	   4	  250	   250	     	// Master Scepter
	2	   10	    0	    6	      2500	   2500	       2500	     3	    9000	   4	  250	   250	     	// Great Scepter
	2	   11	    0	    6	      2500	   2500	       2500	     3	    9000	   4	  250	   250	     	// Lord Scepter
	2	   12	    0	    6	      2500	   2500	       2500	     3	    9000	   4	  250	   250	     	// Great Lord Scepter
	2	   13	    0	    6	      2500	   2500	       2500	     3	    9000	   4	  250	   250	     	// Divine Scepter of Archangel
	2	   14	    0	    6	      2500	   2500	       2500	     3	    9000	   4	  250	   250	     	// Solay Scepter
	2	   15	    0	    6	      2500	   2500	       2500	     3	    9000	   4	  250	   250	     	// Shining Scepter
end

3
//----------------------------------------------------------------------------------------------------------------------
// [0]	  [0~512]  [0~15]	[0~15]	[0~10000] [0~10000]  [0~10000] [0~7]  [0~10000]	 [0~6]	[0~10000] [0~1000]
// Type   Index    MinLvL   MaxLvL    Skill     Luck      RateJol  AddJol  RateExc   AddExc  RateAnc  GlamberRate
//----------------------------------------------------------------------------------------------------------------------
	3	   0	    0	    6	      2500	   2500	       2500	     3	    9000	   4	  250	   250	     	// Light Spear
	3	   1	    0	    6	      2500	   2500	       2500	     3	    9000	   4	  250	   250	     	// Spear
	3	   2	    0	    6	      2500	   2500	       2500	     3	    9000	   4	  250	   250	     	// Dragon Lance
	3	   3	    0	    6	      2500	   2500	       2500	     3	    9000	   4	  250	   250	     	// Great Trident
	3	   4	    0	    6	      2500	   2500	       2500	     3	    9000	   4	  250	   250	     	// Serpent Spear
	3	   5	    0	    6	      2500	   2500	       2500	     3	    9000	   4	  250	   250	     	// Double Poleaxe
	3	   6	    0	    6	      2500	   2500	       2500	     3	    9000	   4	  250	   250	     	// Helberd
	3	   7	    0	    6	      2500	   2500	       2500	     3	    9000	   4	  250	   250	     	// Berdysh
	3	   8	    0	    6	      2500	   2500	       2500	     3	    9000	   4	  250	   250	     	// Great Scythe
	3	   9	    0	    6	      2500	   2500	       2500	     3	    9000	   4	  250	   250	     	// Bill of Balrog
	3	   10	    0	    6	      2500	   2500	       2500	     3	    9000	   4	  250	   250	     	// Dragon Spear
end

4
//----------------------------------------------------------------------------------------------------------------------
// [0]	  [0~512]  [0~15]	[0~15]	[0~10000] [0~10000]  [0~10000] [0~7]  [0~10000]	 [0~6]	[0~10000] [0~1000]
// Type   Index    MinLvL   MaxLvL    Skill     Luck      RateJol  AddJol  RateExc   AddExc  RateAnc  GlamberRate
//----------------------------------------------------------------------------------------------------------------------
	4	   0	    0	    6	      2500	   2500	       2500	     3	    9000	   4	  250	   250	     	// Short Bow
	4	   1	    0	    6	      2500	   2500	       2500	     3	    9000	   4	  250	   250	     	// Bow
	4	   2	    0	    6	      2500	   2500	       2500	     3	    9000	   4	  250	   250	     	// Elven Bow
	4	   3	    0	    6	      2500	   2500	       2500	     3	    9000	   4	  250	   250	     	// Battle Bow
	4	   4	    0	    6	      2500	   2500	       2500	     3	    9000	   4	  250	   250	     	// Tiger Bow
	4	   5	    0	    6	      2500	   2500	       2500	     3	    9000	   4	  250	   250	     	// Silver Bow
	4	   6	    0	    6	      2500	   2500	       2500	     3	    9000	   4	  250	   250	     	// Chaos Nature Bow
	4	   8	    0	    6	      2500	   2500	       2500	     3	    9000	   4	  250	   250	     	// Crossbow
	4	   9	    0	    6	      2500	   2500	       2500	     3	    9000	   4	  250	   250	     	// Golden Crossbow
	4	   10	    0	    6	      2500	   2500	       2500	     3	    9000	   4	  250	   250	     	// Arquebus
	4	   11	    0	    6	      2500	   2500	       2500	     3	    9000	   4	  250	   250	     	// Light Crossbow
	4	   12	    0	    6	      2500	   2500	       2500	     3	    9000	   4	  250	   250	     	// Serpent Crossbow
	4	   13	    0	    6	      2500	   2500	       2500	     3	    9000	   4	  250	   250	     	// Blue Wing Crossbow
	4	   14	    0	    6	      2500	   2500	       2500	     3	    9000	   4	  250	   250	     	// Aqua Crossbow
	4	   16	    0	    6	      2500	   2500	       2500	     3	    9000	   4	  250	   250	     	// Saint Crossbow
	4	   17	    0	    6	      2500	   2500	       2500	     3	    9000	   4	  250	   250	     	// Celestial Bow
	4	   18	    0	    6	      2500	   2500	       2500	     3	    9000	   4	  250	   250	     	// Divine Crossbow of Archangel
	4	   19	    0	    6	      2500	   2500	       2500	     3	    9000	   4	  250	   250	     	// Great Reign Crossbow
	4	   20	    0	    6	      2500	   2500	       2500	     3	    9000	   4	  250	   250	     	// Arrow Viper Bow
	4	   21	    0	    6	      2500	   2500	       2500	     3	    9000	   4	  250	   250	     	// Sylph Wind Bow
	4	   22	    0	    6	      2500	   2500	       2500	     3	    9000	   4	  250	   250	     	// Albatross Bow
end

5
//----------------------------------------------------------------------------------------------------------------------
// [0]	  [0~512]  [0~15]	[0~15]	[0~10000] [0~10000]  [0~10000] [0~7]  [0~10000]	 [0~6]	[0~10000] [0~1000]
// Type   Index    MinLvL   MaxLvL    Skill     Luck      RateJol  AddJol  RateExc   AddExc  RateAnc  GlamberRate
//----------------------------------------------------------------------------------------------------------------------
	5	   0	    0	    6	      2500	   2500	       2500	     3	    9000	   4	  250	   250	     // Skull Staff
	5	   1	    0	    6	      2500	   2500	       2500	     3	    9000	   4	  250	   250	     // Angelic Staff
	5	   2	    0	    6	      2500	   2500	       2500	     3	    9000	   4	  250	   250	     // Serpent Staff
	5	   3	    0	    6	      2500	   2500	       2500	     3	    9000	   4	  250	   250	     // Lightning Staff
	5	   4	    0	    6	      2500	   2500	       2500	     3	    9000	   4	  250	   250	     // Gorgon Staff
	5	   5	    0	    6	      2500	   2500	       2500	     3	    9000	   4	  250	   250	     // Legendary Staff
	5	   6	    0	    6	      2500	   2500	       2500	     3	    9000	   4	  250	   250	     // Resurrection Staff
	5	   7	    0	    6	      2500	   2500	       2500	     3	    9000	   4	  250	   250	     // Chaos Lightning Staff
	5	   9	    0	    6	      2500	   2500	       2500	     3	    9000	   4	  250	   250	     // Dragon Soul Staff
	5	   8	    0	    6	      2500	   2500	       2500	     3	    9000	   4	  250	   250	     // Staff of Destruction
	5	   10	    0	    6	      2500	   2500	       2500	     3	    9000	   4	  250	   250	     // Divine Archangel Staff
	5	   11	    0	    6	      2500	   2500	       2500	     3	    9000	   4	  250	   250	     // Kundun Staff
	5	   12	    0	    6	      2500	   2500	       2500	     3	    9000	   4	  250	   250	     // Grand Viper Staff
	5	   13	    0	    6	      2500	   2500	       2500	     3	    9000	   4	  250	   250	     // Platina Wing Staff
end

6
//----------------------------------------------------------------------------------------------------------------------
// [0]	  [0~512]  [0~15]	[0~15]	[0~10000] [0~10000]  [0~10000] [0~7]  [0~10000]	 [0~6]	[0~10000] [0~1000]
// Type   Index    MinLvL   MaxLvL    Skill     Luck      RateJol  AddJol  RateExc   AddExc  RateAnc  GlamberRate
//----------------------------------------------------------------------------------------------------------------------
	6	   0	    0	    6	      2500	   2500	       2500	     3	    9000	   4	  250	   250	     	// Small Shield
	6	   1	    0	    6	      2500	   2500	       2500	     3	    9000	   4	  250	   250	     	// Horn Shield
	6	   2	    0	    6	      2500	   2500	       2500	     3	    9000	   4	  250	   250	     	// Kite Shield
	6	   3	    0	    6	      2500	   2500	       2500	     3	    9000	   4	  250	   250	     	// Elven Shield
	6	   4	    0	    6	      2500	   2500	       2500	     3	    9000	   4	  250	   250	     	// Buckler
	6	   5	    0	    6	      2500	   2500	       2500	     3	    9000	   4	  250	   250	     	// Dragon Slayer Shield
	6	   6	    0	    6	      2500	   2500	       2500	     3	    9000	   4	  250	   250	     	// Skull Shield
	6	   7	    0	    6	      2500	   2500	       2500	     3	    9000	   4	  250	   250	     	// Spike Shield
	6	   8	    0	    6	      2500	   2500	       2500	     3	    9000	   4	  250	   250	     	// Tower Shield
	6	   9	    0	    6	      2500	   2500	       2500	     3	    9000	   4	  250	   250	     	// Plate Shield
	6	   10	    0	    6	      2500	   2500	       2500	     3	    9000	   4	  250	   250	     	// Large Round Shield
	6	   11	    0	    6	      2500	   2500	       2500	     3	    9000	   4	  250	   250	     	// Serpent Shield
	6	   12	    0	    6	      2500	   2500	       2500	     3	    9000	   4	  250	   250	     	// Bronze Shield
	6	   13	    0	    6	      2500	   2500	       2500	     3	    9000	   4	  250	   250	     	// Chaos Dragon Shield
	6	   14	    0	    6	      2500	   2500	       2500	     3	    9000	   4	  250	   250	     	// Legendary Shield
	6	   15	    0	    6	      2500	   2500	       2500	     3	    9000	   4	  250	   250	     	// Grand Soul Shield
	6	   16	    0	    6	      2500	   2500	       2500	     3	    9000	   4	  250	   250	     	// Elemental Shield
end

7
//----------------------------------------------------------------------------------------------------------------------
// [0]	  [0~512]  [0~15]	[0~15]	[0~10000] [0~10000]  [0~10000] [0~7]  [0~10000]	 [0~6]	[0~10000] [0~1000]
// Type   Index    MinLvL   MaxLvL    Skill     Luck      RateJol  AddJol  RateExc   AddExc  RateAnc  GlamberRate
//----------------------------------------------------------------------------------------------------------------------
	7	   2	    0	    6	      2500	   2500	       2500	     3	    9000	   4	  250	   250	     	// Pad Helm
	8	   2	    0	    6	      2500	   2500	       2500	     3	    9000	   4	  250	   250	     	// Pad Armor
	9	   2	    0	    6	      2500	   2500	       2500	     3	    9000	   4	  250	   250	     	// Pad Pants
	10	   2	    0	    6	      2500	   2500	       2500	     3	    9000	   4	  250	   250	     	// Pad Gloves
	11	   2	    0	    6	      2500	   2500	       2500	     3	    9000	   4	  250	   250	     	// Pad Boots
	
	7	   3	    0	    6	      2500	   2500	       2500	     3	    9000	   4	  250	   250	     	// Legendary Helm
	8	   3	    0	    6	      2500	   2500	       2500	     3	    9000	   4	  250	   250	     	// Legendary Armor
	9	   3	    0	    6	      2500	   2500	       2500	     3	    9000	   4	  250	   250	     	// Legendary Pants
	10	   3	    0	    6	      2500	   2500	       2500	     3	    9000	   4	  250	   250	     	// Legendary Gloves
	11	   3	    0	    6	      2500	   2500	       2500	     3	    9000	   4	  250	   250	     	// Legendary Boots
	
	7	   4	    0	    6	      2500	   2500	       2500	     3	    9000	   4	  250	   250	     	// Bone Helm
	8	   4	    0	    6	      2500	   2500	       2500	     3	    9000	   4	  250	   250	     	// Bone Armor
	9	   4	    0	    6	      2500	   2500	       2500	     3	    9000	   4	  250	   250	     	// Bone Pants
	10	   4	    0	    6	      2500	   2500	       2500	     3	    9000	   4	  250	   250	     	// Bone Gloves
	11	   4	    0	    6	      2500	   2500	       2500	     3	    9000	   4	  250	   250	     	// Bone Boots
	
	7	   7	    0	    6	      2500	   2500	       2500	     3	    9000	   4	  250	   250	     	// Sphinx Helm
	8	   7	    0	    6	      2500	   2500	       2500	     3	    9000	   4	  250	   250	     	// Sphinx Armor
	9	   7	    0	    6	      2500	   2500	       2500	     3	    9000	   4	  250	   250	     	// Sphinx Pants
	10	   7	    0	    6	      2500	   2500	       2500	     3	    9000	   4	  250	   250	     	// Sphinx Gloves
	11	   7	    0	    6	      2500	   2500	       2500	     3	    9000	   4	  250	   250	     	// Sphinx Boots
	
	7	   18	    0	    6	      2500	   2500	       2500	     3	    9000	   4	  250	   250	     	// Grand Soul Helm
	8	   18	    0	    6	      2500	   2500	       2500	     3	    9000	   4	  250	   250	     	// Grand Soul Armor
	9	   18	    0	    6	      2500	   2500	       2500	     3	    9000	   4	  250	   250	     	// Grand Soul Pants
	10	   18	    0	    6	      2500	   2500	       2500	     3	    9000	   4	  250	   250	     	// Grand Soul Gloves
	11	   18	    0	    6	      2500	   2500	       2500	     3	    9000	   4	  250	   250	     	// Grand Soul Boots
	
	7	   22	    0	    6	      2500	   2500	       2500	     3	    9000	   4	  250	   250	     	// Dark Soul Helm
	8	   22	    0	    6	      2500	   2500	       2500	     3	    9000	   4	  250	   250	     	// Dark Soul Armor
	9	   22	    0	    6	      2500	   2500	       2500	     3	    9000	   4	  250	   250	     	// Dark Soul Pants
	10	   22	    0	    6	      2500	   2500	       2500	     3	    9000	   4	  250	   250	     	// Dark Soul Gloves
	11	   22	    0	    6	      2500	   2500	       2500	     3	    9000	   4	  250	   250	     	// Dark Soul Boots
	
	7	   30	    0	    6	      2500	   2500	       2500	     3	    9000	   4	  250	   250	     	// Venom mist Helm
	8	   30	    0	    6	      2500	   2500	       2500	     3	    9000	   4	  250	   250	     	// Venom mist Armor
	9	   30	    0	    6	      2500	   2500	       2500	     3	    9000	   4	  250	   250	     	// Venom mist Pants
	10	   30	    0	    6	      2500	   2500	       2500	     3	    9000	   4	  250	   250	     	// Venom mist Gloves
	11	   30	    0	    6	      2500	   2500	       2500	     3	    9000	   4	  250	   250	     	// Venom mist Boots
	
	7	   35	    0	    6	      2500	   2500	       2500	     3	    9000	   4	  250	   250	     	// Eclips Helm
	8	   35	    0	    6	      2500	   2500	       2500	     3	    9000	   4	  250	   250	     	// Eclips Armor
	9	   35	    0	    6	      2500	   2500	       2500	     3	    9000	   4	  250	   250	     	// Eclips Pants
	10	   35	    0	    6	      2500	   2500	       2500	     3	    9000	   4	  250	   250	     	// Eclips Gloves
	11	   35	    0	    6	      2500	   2500	       2500	     3	    9000	   4	  250	   250	     	// Eclips Boots
end

8
//----------------------------------------------------------------------------------------------------------------------
// [0]	  [0~512]  [0~15]	[0~15]	[0~10000] [0~10000]  [0~10000] [0~7]  [0~10000]	 [0~6]	[0~10000] [0~1000]
// Type   Index    MinLvL   MaxLvL    Skill     Luck      RateJol  AddJol  RateExc   AddExc  RateAnc  GlamberRate
//----------------------------------------------------------------------------------------------------------------------
	7 	   0	   0	    6	      2500	   2500	       2500	     3	    9000	   4	  250	   250	     // Bronze Helm
	8 	   0	   0	    6	      2500	   2500	       2500	     3	    9000	   4	  250	   250	     // Bronze Armor
	9 	   0	   0	    6	      2500	   2500	       2500	     3	    9000	   4	  250	   250	     // Bronze Pants
	10 	   0	   0	    6	      2500	   2500	       2500	     3	    9000	   4	  250	   250	     // Bronze Gloves
	11 	   0	   0	    6	      2500	   2500	       2500	     3	    9000	   4	  250	   250	     // Bronze Boots
	
	7 	   1	   0	    6	      2500	   2500	       2500	     3	    9000	   4	  250	   250	     // Dragon Helm
	8 	   1	   0	    6	      2500	   2500	       2500	     3	    9000	   4	  250	   250	     // Dragon Armor
	9 	   1	   0	    6	      2500	   2500	       2500	     3	    9000	   4	  250	   250	     // Dragon Pants
	10 	   1	   0	    6	      2500	   2500	       2500	     3	    9000	   4	  250	   250	     // Dragon Gloves
	11 	   1	   0	    6	      2500	   2500	       2500	     3	    9000	   4	  250	   250	     // Dragon Boots
	
	7 	   5	   0	    6	      2500	   2500	       2500	     3	    9000	   4	  250	   250	     // Leather Helm
	8 	   5	   0	    6	      2500	   2500	       2500	     3	    9000	   4	  250	   250	     // Leather Armor
	9 	   5	   0	    6	      2500	   2500	       2500	     3	    9000	   4	  250	   250	     // Leather Pants
	10 	   5	   0	    6	      2500	   2500	       2500	     3	    9000	   4	  250	   250	     // Leather Gloves
	11 	   5	   0	    6	      2500	   2500	       2500	     3	    9000	   4	  250	   250	     // Leather Boots
	
	7 	   6	   0	    6	      2500	   2500	       2500	     3	    9000	   4	  250	   250	     // Scale Helm
	8 	   6	   0	    6	      2500	   2500	       2500	     3	    9000	   4	  250	   250	     // Scale Armor
	9 	   6	   0	    6	      2500	   2500	       2500	     3	    9000	   4	  250	   250	     // Scale Pants
	10 	   6	   0	    6	      2500	   2500	       2500	     3	    9000	   4	  250	   250	     // Scale Gloves
	11 	   6	   0	    6	      2500	   2500	       2500	     3	    9000	   4	  250	   250	     // Scale Boots
	
	7 	   8	   0	    6	      2500	   2500	       2500	     3	    9000	   4	  250	   250	     // Brass Helm	
	8 	   8	   0	    6	      2500	   2500	       2500	     3	    9000	   4	  250	   250	     // Brass Armor
	9 	   8	   0	    6	      2500	   2500	       2500	     3	    9000	   4	  250	   250	     // Brass Pants
	10 	   8	   0	    6	      2500	   2500	       2500	     3	    9000	   4	  250	   250	     // Brass Gloves
	11 	   8	   0	    6	      2500	   2500	       2500	     3	    9000	   4	  250	   250	     // Brass Boots
	
	7 	   9	   0	    6	      2500	   2500	       2500	     3	    9000	   4	  250	   250	     // Plate Helm
	8 	   9	   0	    6	      2500	   2500	       2500	     3	    9000	   4	  250	   250	     // Plate Armor
	9 	   9	   0	    6	      2500	   2500	       2500	     3	    9000	   4	  250	   250	     // Plate Pants
	10 	   9	   0	    6	      2500	   2500	       2500	     3	    9000	   4	  250	   250	     // Plate Gloves
	11 	   9	   0	    6	      2500	   2500	       2500	     3	    9000	   4	  250	   250	     // Plate Boots
	
	7 	   16	   0	    6	      2500	   2500	       2500	     3	    9000	   4	  250	   250	     // Black Dragon Helm
	8 	   16	   0	    6	      2500	   2500	       2500	     3	    9000	   4	  250	   250	     // Black Dragon Armor
	9 	   16	   0	    6	      2500	   2500	       2500	     3	    9000	   4	  250	   250	     // Black Dragon Pants
	10 	   16	   0	    6	      2500	   2500	       2500	     3	    9000	   4	  250	   250	     // Black Dragon Gloves
	11 	   16	   0	    6	      2500	   2500	       2500	     3	    9000	   4	  250	   250	     // Black Dragon Boots
	
	7 	   17	   0	    6	      2500	   2500	       2500	     3	    9000	   4	  250	   250	     // Dark Pheonix Helm
	8 	   17	   0	    6	      2500	   2500	       2500	     3	    9000	   4	  250	   250	     // Dark Pheonix Armor
	9 	   17	   0	    6	      2500	   2500	       2500	     3	    9000	   4	  250	   250	     // Dark Pheonix Pants
	10 	   17	   0	    6	      2500	   2500	       2500	     3	    9000	   4	  250	   250	     // Dark Pheonix Gloves
	11 	   17	   0	    6	      2500	   2500	       2500	     3	    9000	   4	  250	   250	     // Dark Pheonix Boots
	
	7 	   21	   0	    6	      2500	   2500	       2500	     3	    9000	   4	  250	   250	     // Great Dragon Helm
	8 	   21	   0	    6	      2500	   2500	       2500	     3	    9000	   4	  250	   250	     // Great Dragon Armor
	9 	   21	   0	    6	      2500	   2500	       2500	     3	    9000	   4	  250	   250	     // Great Dragon Pants
	10 	   21	   0	    6	      2500	   2500	       2500	     3	    9000	   4	  250	   250	     // Great Dragon Gloves
	11 	   21	   0	    6	      2500	   2500	       2500	     3	    9000	   4	  250	   250	     // Great Dragon Boots
	
	7 	   29	   0	    6	      2500	   2500	       2500	     3	    9000	   4	  250	   250	     // Dragon knight Helm
	8 	   29	   0	    6	      2500	   2500	       2500	     3	    9000	   4	  250	   250	     // Dragon knight Armor
	9 	   29	   0	    6	      2500	   2500	       2500	     3	    9000	   4	  250	   250	     // Dragon knight Pants
	10 	   29	   0	    6	      2500	   2500	       2500	     3	    9000	   4	  250	   250	     // Dragon knight Gloves
	11 	   29	   0	    6	      2500	   2500	       2500	     3	    9000	   4	  250	   250	     // Dragon knight Boots
	
	7 	   34	   0	    6	      2500	   2500	       2500	     3	    9000	   4	  250	   250	     // Ashcrow Helm
	8 	   34	   0	    6	      2500	   2500	       2500	     3	    9000	   4	  250	   250	     // Ashcrow Armor
	9 	   34	   0	    6	      2500	   2500	       2500	     3	    9000	   4	  250	   250	     // Ashcrow Pants
	10 	   34	   0	    6	      2500	   2500	       2500	     3	    9000	   4	  250	   250	     // Ashcrow Gloves
	11 	   34	   0	    6	      2500	   2500	       2500	     3	    9000	   4	  250	   250	     // Ashcrow Boots
end

9
//----------------------------------------------------------------------------------------------------------------------
// [0]	  [0~512]  [0~15]	[0~15]	[0~10000] [0~10000]  [0~10000] [0~7]  [0~10000]	 [0~6]	[0~10000] [0~1000]
// Type   Index    MinLvL   MaxLvL    Skill     Luck      RateJol  AddJol  RateExc   AddExc  RateAnc  GlamberRate
//----------------------------------------------------------------------------------------------------------------------
	7	  10	   0	    6	      2500	   2500	       2500	     3	    9000	   4	  250	   250	     	// Vine Helm
	8	  10	   0	    6	      2500	   2500	       2500	     3	    9000	   4	  250	   250	     	// Vine Armor
	9	  10	   0	    6	      2500	   2500	       2500	     3	    9000	   4	  250	   250	     	// Vine Pants
	10	  10	   0	    6	      2500	   2500	       2500	     3	    9000	   4	  250	   250	     	// Vine Gloves
	11	  10	   0	    6	      2500	   2500	       2500	     3	    9000	   4	  250	   250	     	// Vine Boots
	
	7	  11	   0	    6	      2500	   2500	       2500	     3	    9000	   4	  250	   250	     	// Silk Helm
	8	  11	   0	    6	      2500	   2500	       2500	     3	    9000	   4	  250	   250	     	// Silk Armor
	9	  11	   0	    6	      2500	   2500	       2500	     3	    9000	   4	  250	   250	     	// Silk Pants
	10	  11	   0	    6	      2500	   2500	       2500	     3	    9000	   4	  250	   250	     	// Silk Gloves
	11	  11	   0	    6	      2500	   2500	       2500	     3	    9000	   4	  250	   250	     	// Silk Boots
	
	7	  12	   0	    6	      2500	   2500	       2500	     3	    9000	   4	  250	   250	     	// Wind Helm
	8	  12	   0	    6	      2500	   2500	       2500	     3	    9000	   4	  250	   250	     	// Wind Armor
	9	  12	   0	    6	      2500	   2500	       2500	     3	    9000	   4	  250	   250	     	// Wind Pants
	10	  12	   0	    6	      2500	   2500	       2500	     3	    9000	   4	  250	   250	     	// Wind Gloves
	11	  12	   0	    6	      2500	   2500	       2500	     3	    9000	   4	  250	   250	     	// Wind Boots
	
	7	  13	   0	    6	      2500	   2500	       2500	     3	    9000	   4	  250	   250	     	// Spirit Helm
	8	  13	   0	    6	      2500	   2500	       2500	     3	    9000	   4	  250	   250	     	// Spirit Armor
	9	  13	   0	    6	      2500	   2500	       2500	     3	    9000	   4	  250	   250	     	// Spirit Pants
	10	  13	   0	    6	      2500	   2500	       2500	     3	    9000	   4	  250	   250	     	// Spirit Gloves
	11	  13	   0	    6	      2500	   2500	       2500	     3	    9000	   4	  250	   250	     	// Spirit Boots
	
	7	  14	   0	    6	      2500	   2500	       2500	     3	    9000	   4	  250	   250	     	// Guardian Helm
	8	  14	   0	    6	      2500	   2500	       2500	     3	    9000	   4	  250	   250	     	// Guardian Armor
	9	  14	   0	    6	      2500	   2500	       2500	     3	    9000	   4	  250	   250	     	// Guardian Pants
	10	  14	   0	    6	      2500	   2500	       2500	     3	    9000	   4	  250	   250	     	// Guardian Gloves
	11	  14	   0	    6	      2500	   2500	       2500	     3	    9000	   4	  250	   250	     	// Guardian Boots
	
	7	  19	   0	    6	      2500	   2500	       2500	     3	    9000	   4	  250	   250	     	// Divine Helm
	8	  19	   0	    6	      2500	   2500	       2500	     3	    9000	   4	  250	   250	     	// Divine Armor
	9	  19	   0	    6	      2500	   2500	       2500	     3	    9000	   4	  250	   250	     	// Divine Pants
	10	  19	   0	    6	      2500	   2500	       2500	     3	    9000	   4	  250	   250	     	// Divine Gloves
	11	  19	   0	    6	      2500	   2500	       2500	     3	    9000	   4	  250	   250	     	// Divine Boots
	
	7	  24	   0	    6	      2500	   2500	       2500	     3	    9000	   4	  250	   250	     	// Red Spirit Helm
	8	  24	   0	    6	      2500	   2500	       2500	     3	    9000	   4	  250	   250	     	// Red Spirit Armor
	9	  24	   0	    6	      2500	   2500	       2500	     3	    9000	   4	  250	   250	     	// Red Spirit Pants
	10	  24	   0	    6	      2500	   2500	       2500	     3	    9000	   4	  250	   250	     	// Red Spirit Gloves
	11	  24	   0	    6	      2500	   2500	       2500	     3	    9000	   4	  250	   250	     	// Red Spirit Boots
	
	7	  31	   0	    6	      2500	   2500	       2500	     3	    9000	   4	  250	   250	     	// Sylpid Ray Helm
	8	  31	   0	    6	      2500	   2500	       2500	     3	    9000	   4	  250	   250	     	// Sylpid Ray Armor
	9	  31	   0	    6	      2500	   2500	       2500	     3	    9000	   4	  250	   250	     	// Sylpid Ray Pants
	10	  31	   0	    6	      2500	   2500	       2500	     3	    9000	   4	  250	   250	     	// Sylpid Ray Gloves
	11	  31	   0	    6	      2500	   2500	       2500	     3	    9000	   4	  250	   250	     	// Sylpid Ray Boots
	
	7	  36	   0	    6	      2500	   2500	       2500	     3	    9000	   4	  250	   250	     	// Iris Helm
	8	  36	   0	    6	      2500	   2500	       2500	     3	    9000	   4	  250	   250	     	// Iris Armor
	9	  36	   0	    6	      2500	   2500	       2500	     3	    9000	   4	  250	   250	     	// Iris Pants
	10	  36	   0	    6	      2500	   2500	       2500	     3	    9000	   4	  250	   250	     	// Iris Gloves
	11	  36	   0	    6	      2500	   2500	       2500	     3	    9000	   4	  250	   250	     	// Iris Boots
end

10
//----------------------------------------------------------------------------------------------------------------------
// [0]	  [0~512]  [0~15]	[0~15]	[0~10000] [0~10000]  [0~10000] [0~7]  [0~10000]	 [0~6]	[0~10000] [0~1000]
// Type   Index    MinLvL   MaxLvL    Skill     Luck      RateJol  AddJol  RateExc   AddExc  RateAnc  GlamberRate
//----------------------------------------------------------------------------------------------------------------------
	8 	  15	   0	    6	      2500	   2500	       2500	     3	    9000	   4	  250	   250	     	// Storm Crow Armor
	9 	  15	   0	    6	      2500	   2500	       2500	     3	    9000	   4	  250	   250	     	// Storm Crow Pants
	10 	  15	   0	    6	      2500	   2500	       2500	     3	    9000	   4	  250	   250	     	// Storm Crow Gloves
	11 	  15	   0	    6	      2500	   2500	       2500	     3	    9000	   4	  250	   250	     	// Storm Crow Boots
	
	8 	  20	   0	    6	      2500	   2500	       2500	     3	    9000	   4	  250	   250	     	// Thunder Hawk Armor
	9 	  20	   0	    6	      2500	   2500	       2500	     3	    9000	   4	  250	   250	     	// Thunder Hawk Pants
	10 	  20	   0	    6	      2500	   2500	       2500	     3	    9000	   4	  250	   250	     	// Thunder Hawk Gloves
	11 	  20	   0	    6	      2500	   2500	       2500	     3	    9000	   4	  250	   250	     	// Thunder Hawk Boots
	
	8 	  23	   0	    6	      2500	   2500	       2500	     3	    9000	   4	  250	   250	     	// Hurricane Armor
	9 	  23	   0	    6	      2500	   2500	       2500	     3	    9000	   4	  250	   250	     	// Hurricane Pants
	10 	  23	   0	    6	      2500	   2500	       2500	     3	    9000	   4	  250	   250	     	// Hurricane Gloves
	11 	  23	   0	    6	      2500	   2500	       2500	     3	    9000	   4	  250	   250	     	// Hurricane Boots
	
	8 	  32	   0	    6	      2500	   2500	       2500	     3	    9000	   4	  250	   250	     	// Vulcano Armor
	9 	  32	   0	    6	      2500	   2500	       2500	     3	    9000	   4	  250	   250	     	// Vulcano Pants
	10 	  32	   0	    6	      2500	   2500	       2500	     3	    9000	   4	  250	   250	     	// Vulcano Gloves
	11 	  32	   0	    6	      2500	   2500	       2500	     3	    9000	   4	  250	   250	     	// Vulcano Boots
	
	8 	  37	   0	    6	      2500	   2500	       2500	     3	    9000	   4	  250	   250	     	// Valiant Armor
	9 	  37	   0	    6	      2500	   2500	       2500	     3	    9000	   4	  250	   250	     	// Valiant Pants
	10 	  37	   0	    6	      2500	   2500	       2500	     3	    9000	   4	  250	   250	     	// Valiant Gloves
	11 	  37	   0	    6	      2500	   2500	       2500	     3	    9000	   4	  250	   250	     	// Valiant Boots
end

11
//----------------------------------------------------------------------------------------------------------------------
// [0]	  [0~512]  [0~15]	[0~15]	[0~10000] [0~10000]  [0~10000] [0~7]  [0~10000]	 [0~6]	[0~10000] [0~1000]
// Type   Index    MinLvL   MaxLvL    Skill     Luck      RateJol  AddJol  RateExc   AddExc  RateAnc  GlamberRate
//----------------------------------------------------------------------------------------------------------------------
	7	  25	    0	    6	      2500	   2500	       2500	     3	    9000	   4	  250	   250	     // Light Plate Helm
	8	  25	    0	    6	      2500	   2500	       2500	     3	    9000	   4	  250	   250	     // Light Plate Armor
	9	  25	    0	    6	      2500	   2500	       2500	     3	    9000	   4	  250	   250	     // Light Plate Pants
	10	  25	    0	    6	      2500	   2500	       2500	     3	    9000	   4	  250	   250	     // Light Plate Gloves
	11	  25	    0	    6	      2500	   2500	       2500	     3	    9000	   4	  250	   250	     // Light Plate Boots
	
	7	  26	    0	    6	      2500	   2500	       2500	     3	    9000	   4	  250	   250	     // Adamantine Helm
	8	  26	    0	    6	      2500	   2500	       2500	     3	    9000	   4	  250	   250	     // Adamantine Armor
	9	  26	    0	    6	      2500	   2500	       2500	     3	    9000	   4	  250	   250	     // Adamantine Pants
	10	  26	    0	    6	      2500	   2500	       2500	     3	    9000	   4	  250	   250	     // Adamantine Gloves
	11	  26	    0	    6	      2500	   2500	       2500	     3	    9000	   4	  250	   250	     // Adamantine Boots
	
	7	  27	    0	    6	      2500	   2500	       2500	     3	    9000	   4	  250	   250	     // Dark Steel Helm
	8	  27	    0	    6	      2500	   2500	       2500	     3	    9000	   4	  250	   250	     // Dark Steel Armor
	9	  27	    0	    6	      2500	   2500	       2500	     3	    9000	   4	  250	   250	     // Dark Steel Pants
	10	  27	    0	    6	      2500	   2500	       2500	     3	    9000	   4	  250	   250	     // Dark Steel Gloves
	11	  27	    0	    6	      2500	   2500	       2500	     3	    9000	   4	  250	   250	     // Dark Steel Boots
	
	7	  28	    0	    6	      2500	   2500	       2500	     3	    9000	   4	  250	   250	     // Dark master Helm
	8	  28	    0	    6	      2500	   2500	       2500	     3	    9000	   4	  250	   250	     // Dark master Armor
	9	  28	    0	    6	      2500	   2500	       2500	     3	    9000	   4	  250	   250	     // Dark master Pants
	10	  28	    0	    6	      2500	   2500	       2500	     3	    9000	   4	  250	   250	     // Dark master Gloves
	11	  28	    0	    6	      2500	   2500	       2500	     3	    9000	   4	  250	   250	     // Dark master Boots
	
	7	  33	    0	    6	      2500	   2500	       2500	     3	    9000	   4	  250	   250	     // Sunlight Helm
	8	  33	    0	    6	      2500	   2500	       2500	     3	    9000	   4	  250	   250	     // Sunlight Armor
	9	  33	    0	    6	      2500	   2500	       2500	     3	    9000	   4	  250	   250	     // Sunlight Pants
	10	  33	    0	    6	      2500	   2500	       2500	     3	    9000	   4	  250	   250	     // Sunlight Gloves
	11	  33	    0	    6	      2500	   2500	       2500	     3	    9000	   4	  250	   250	     // Sunlight Boots
	
	7	  38	    0	    6	      2500	   2500	       2500	     3	    9000	   4	  250	   250	     // Glorious Helm
	8	  38	    0	    6	      2500	   2500	       2500	     3	    9000	   4	  250	   250	     // Glorious Armor
	9	  38	    0	    6	      2500	   2500	       2500	     3	    9000	   4	  250	   250	     // Glorious Pants
	10	  38	    0	    6	      2500	   2500	       2500	     3	    9000	   4	  250	   250	     // Glorious Gloves
	11	  38	    0	    6	      2500	   2500	       2500	     3	    9000	   4	  250	   250	     // Glorious Boots
end

12
//----------------------------------------------------------------------------------------------------------------------
// [0]	  [0~512]  [0~15]	[0~15]	[0~10000] [0~10000]  [0~10000] [0~7]  [0~10000]	 [0~6]	[0~10000] [0~1000]
// Type   Index    MinLvL   MaxLvL    Skill     Luck      RateJol  AddJol  RateExc   AddExc  RateAnc  GlamberRate
//----------------------------------------------------------------------------------------------------------------------
	12	15	0	0	0	0	0	0	0	0	0	500	// Jewel of Chaos
	14	13	0	0	0	0	0	0	0	0	0	500	// Jewel of Bless
	14	14	0	0	0	0	0	0	0	0	0	500	// Jewel of Soul
	14	16	0	0	0	0	0	0	0	0	0	500	// Jewel of Life
	14	22	0	0	0	0	0	0	0	0	0	500	// Jewel of Creation
	14	31	0	0	0	0	0	0	0	0	0	500	// Jewel of Guardian
	14	42	0	0	0	0	0	0	0	0	0	500	// Jewel of Harmony
	14	43	0	0	0	0	0	0	0	0	0	500	// Lower refining stone
	14	44	0	0	0	0	0	0	0	0	0	500	// Higher refining stone

	13	8	0	9	2500	2500	2500	7	9000	4	250	250	// Ring of Ice
	13	9	0	9	2500	2500	2500	7	9000	4	250	250	// Ring of Poison
	13	12	0	9	2500	2500	2500	7	9000	4	250	250	// Pendant of Lightning
	13	13	0	9	2500	2500	2500	7	9000	4	250	250	// Pendant of Fire
	13	21	0	9	2500	2500	2500	7	9000	4	250	250	// Ring of Fire
	13	22	0	9	2500	2500	2500	7	9000	4	250	250	// Ring of Earth
	13	23	0	9	2500	2500	2500	7	9000	4	250	250	// Ring of Wind
	13	24	0	9	2500	2500	2500	7	9000	4	250	250	// Ring of Magic
	13	25	0	9	2500	2500	2500	7	9000	4	250	250	// Pendant of Ice
	13	26	0	9	2500	2500	2500	7	9000	4	250	250	// Pendant of Wind
	13	27	0	9	2500	2500	2500	7	9000	4	250	250	// Pendant of Water
	13	28	0	9	2500	2500	2500	7	9000	4	250	250	// Pendant of Ability

	14	11	8	0	0	0	0	0	0	0	0	600	// Box of Kundun+1
	14	11	9	0	0	0	0	0	0	0	0	600	// Box of Kundun+2
	14	11	10	0	0	0	0	0	0	0	0	600	// Box of Kundun+3
	14	11	11	0	0	0	0	0	0	0	0	600	// Box of Kundun+4
	14	11	12	0	0	0	0	0	0	0	0	600	// Box of Kundun+5
	14	11	0	0	0	0	0	0	0	0	0	600	// Box of Luck
	14	11	7	0	0	0	0	0	0	0	0	600	// Box of Heaven
	14	11	3	0	0	0	0	0	0	0	0	600	// Heart of Love
	14	11	5	0	0	0	0	0	0	0	0	600	// Silver Medal
	14	11	6	0	0	0	0	0	0	0	0	600	// Gold Medal
	14	11	2	0	0	0	0	0	0	0	0	600	// Firecracker

	12	30	0	0	0	0	0	0	0	0	0	250	// Jewel of Bless 10
	12	30	1	0	0	0	0	0	0	0	0	250	// Jewel of Bless 20
	12	30	2	0	0	0	0	0	0	0	0	250	// Jewel of Bless 30
	12	31	0	0	0	0	0	0	0	0	0	250	// Jewel of Soul 10
	12	31	1	0	0	0	0	0	0	0	0	250	// Jewel of Soul 20
	12	31	2	0	0	0	0	0	0	0	0	250	// Jewel of Soul 30

	13	32	0	0	0	0	0	0	0	0	0	250	// Splinter Armor
	13	33	0	0	0	0	0	0	0	0	0	250	// Bless of Guardian
	13	34	0	0	0	0	0	0	0	0	0	250	// Claw of Beast
	13	35	0	0	0	0	0	0	0	0	0	250	// Piece of Horn

	14	28	1	0	0	0	0	0	0	0	0	250	// Lost Map +1
	14	28	2	0	0	0	0	0	0	0	0	250	// Lost Map +2
	14	28	3	0	0	0	0	0	0	0	0	250	// Lost Map +3
	14	28	4	0	0	0	0	0	0	0	0	250	// Lost Map +4
	14	28	5	0	0	0	0	0	0	0	0	250	// Lost Map +5
	14	28	6	0	0	0	0	0	0	0	0	250	// Lost Map +6
	14	28	7	0	0	0	0	0	0	0	0	250	// Lost Map +7

	13	51	1	0	0	0	0	0	0	0	0	250	// Illusion Teachers +1
	13	51	2	0	0	0	0	0	0	0	0	250	// Illusion Teachers +2
	13	51	3	0	0	0	0	0	0	0	0	250	// Illusion Teachers +3
	13	51	4	0	0	0	0	0	0	0	0	250	// Illusion Teachers +4
	13	51	5	0	0	0	0	0	0	0	0	250	// Illusion Teachers +5

	13	18	1	0	0	0	0	0	0	0	0	250	// Invisiblity Cloak +1
	13	18	2	0	0	0	0	0	0	0	0	250	// Invisiblity Cloak +2
	13	18	3	0	0	0	0	0	0	0	0	250	// Invisiblity Cloak +3
	13	18	4	0	0	0	0	0	0	0	0	250	// Invisiblity Cloak +4
	13	18	5	0	0	0	0	0	0	0	0	250	// Invisiblity Cloak +5
	13	18	6	0	0	0	0	0	0	0	0	250	// Invisiblity Cloak +6
	13	18	7	0	0	0	0	0	0	0	0	250	// Invisiblity Cloak +7

	14	19	1	0	0	0	0	0	0	0	0	250	// Devil Invitation +1
	14	19	2	0	0	0	0	0	0	0	0	250	// Devil Invitation +2
	14	19	3	0	0	0	0	0	0	0	0	250	// Devil Invitation +3
	14	19	4	0	0	0	0	0	0	0	0	250	// Devil Invitation +4
	14	19	5	0	0	0	0	0	0	0	0	250	// Devil Invitation +5
	14	19	6	0	0	0	0	0	0	0	0	250	// Devil Invitation +6

	13	14	0	0	0	0	0	0	0	0	0	600	// Loch Feather
	13	52	0	0	0	0	0	0	0	0	0	250	// Flame of Condor
	13	53	0	0	0	0	0	0	0	0	0	250	// Feather of Condor

end
end